2.000000000000000000e+00
2.000000000000000000e+00
2.120000000000000000e+02
3.659000000000000000e+03
2.130000000000000000e+02
3.660000000000000000e+03
2.140000000000000000e+02
2.000000000000000000e+01
2.210000000000000000e+02
2.600000000000000000e+01
2.240000000000000000e+02
1.700000000000000000e+01
2.250000000000000000e+02
1.600000000000000000e+01
2.370000000000000000e+02
3.100000000000000000e+01
2.380000000000000000e+02
3.200000000000000000e+01
2.480000000000000000e+02
1.580000000000000000e+02
2.590000000000000000e+02
1.750000000000000000e+02
5.240000000000000000e+02
3.970000000000000000e+02
5.310000000000000000e+02
4.030000000000000000e+02
5.560000000000000000e+02
3.881000000000000000e+03
5.950000000000000000e+02
4.540000000000000000e+02
6.730000000000000000e+02
5.400000000000000000e+02
7.150000000000000000e+02
5.960000000000000000e+02
7.160000000000000000e+02
5.950000000000000000e+02
7.170000000000000000e+02
5.770000000000000000e+02
7.270000000000000000e+02
6.220000000000000000e+02
7.320000000000000000e+02
6.190000000000000000e+02
7.410000000000000000e+02
6.230000000000000000e+02
7.460000000000000000e+02
6.310000000000000000e+02
7.520000000000000000e+02
6.240000000000000000e+02
7.560000000000000000e+02
6.210000000000000000e+02
7.670000000000000000e+02
6.710000000000000000e+02
7.700000000000000000e+02
6.380000000000000000e+02
7.770000000000000000e+02
6.800000000000000000e+02
7.780000000000000000e+02
4.023000000000000000e+03
7.850000000000000000e+02
6.670000000000000000e+02
7.860000000000000000e+02
6.540000000000000000e+02
8.260000000000000000e+02
7.080000000000000000e+02
8.310000000000000000e+02
7.340000000000000000e+02
8.460000000000000000e+02
7.560000000000000000e+02
8.500000000000000000e+02
7.610000000000000000e+02
8.510000000000000000e+02
7.240000000000000000e+02
8.630000000000000000e+02
7.370000000000000000e+02
8.640000000000000000e+02
7.700000000000000000e+02
8.800000000000000000e+02
7.810000000000000000e+02
8.810000000000000000e+02
7.820000000000000000e+02
8.960000000000000000e+02
7.830000000000000000e+02
8.970000000000000000e+02
7.840000000000000000e+02
8.980000000000000000e+02
7.920000000000000000e+02
9.030000000000000000e+02
7.870000000000000000e+02
9.040000000000000000e+02
7.880000000000000000e+02
9.100000000000000000e+02
8.070000000000000000e+02
9.230000000000000000e+02
8.280000000000000000e+02
9.240000000000000000e+02
8.270000000000000000e+02
9.250000000000000000e+02
8.150000000000000000e+02
9.270000000000000000e+02
8.360000000000000000e+02
9.280000000000000000e+02
8.170000000000000000e+02
9.300000000000000000e+02
8.250000000000000000e+02
9.520000000000000000e+02
8.310000000000000000e+02
9.530000000000000000e+02
8.080000000000000000e+02
9.560000000000000000e+02
8.120000000000000000e+02
9.600000000000000000e+02
8.100000000000000000e+02
9.710000000000000000e+02
8.440000000000000000e+02
9.770000000000000000e+02
8.610000000000000000e+02
9.850000000000000000e+02
8.420000000000000000e+02
9.860000000000000000e+02
8.410000000000000000e+02
9.940000000000000000e+02
8.620000000000000000e+02
9.960000000000000000e+02
8.790000000000000000e+02
9.990000000000000000e+02
8.680000000000000000e+02
1.000000000000000000e+03
8.480000000000000000e+02
1.005000000000000000e+03
8.750000000000000000e+02
1.007000000000000000e+03
8.830000000000000000e+02
1.010000000000000000e+03
2.581000000000000000e+03
1.034000000000000000e+03
9.120000000000000000e+02
1.044000000000000000e+03
9.210000000000000000e+02
1.045000000000000000e+03
9.140000000000000000e+02
1.048000000000000000e+03
9.330000000000000000e+02
1.049000000000000000e+03
9.320000000000000000e+02
1.063000000000000000e+03
9.020000000000000000e+02
1.078000000000000000e+03
9.380000000000000000e+02
1.098000000000000000e+03
9.950000000000000000e+02
1.099000000000000000e+03
9.960000000000000000e+02
1.108000000000000000e+03
9.660000000000000000e+02
1.115000000000000000e+03
9.800000000000000000e+02
1.124000000000000000e+03
1.003000000000000000e+03
1.125000000000000000e+03
9.840000000000000000e+02
1.134000000000000000e+03
9.870000000000000000e+02
1.135000000000000000e+03
9.850000000000000000e+02
1.141000000000000000e+03
9.940000000000000000e+02
1.150000000000000000e+03
1.008000000000000000e+03
1.152000000000000000e+03
1.004000000000000000e+03
1.157000000000000000e+03
1.025000000000000000e+03
1.161000000000000000e+03
1.035000000000000000e+03
1.162000000000000000e+03
1.036000000000000000e+03
1.168000000000000000e+03
1.010000000000000000e+03
1.171000000000000000e+03
1.068000000000000000e+03
1.172000000000000000e+03
1.069000000000000000e+03
1.173000000000000000e+03
1.031000000000000000e+03
1.174000000000000000e+03
1.032000000000000000e+03
1.177000000000000000e+03
1.026000000000000000e+03
1.178000000000000000e+03
1.011000000000000000e+03
1.188000000000000000e+03
1.048000000000000000e+03
1.193000000000000000e+03
1.055000000000000000e+03
1.194000000000000000e+03
1.056000000000000000e+03
1.197000000000000000e+03
1.053000000000000000e+03
1.201000000000000000e+03
1.076000000000000000e+03
1.202000000000000000e+03
1.033000000000000000e+03
1.204000000000000000e+03
1.051000000000000000e+03
1.209000000000000000e+03
1.057000000000000000e+03
1.210000000000000000e+03
1.058000000000000000e+03
1.216000000000000000e+03
1.079000000000000000e+03
1.220000000000000000e+03
1.119000000000000000e+03
1.224000000000000000e+03
1.089000000000000000e+03
1.226000000000000000e+03
1.070000000000000000e+03
1.231000000000000000e+03
1.100000000000000000e+03
1.236000000000000000e+03
1.103000000000000000e+03
1.237000000000000000e+03
1.104000000000000000e+03
1.245000000000000000e+03
1.110000000000000000e+03
1.249000000000000000e+03
1.090000000000000000e+03
1.252000000000000000e+03
1.111000000000000000e+03
1.253000000000000000e+03
1.106000000000000000e+03
1.256000000000000000e+03
1.120000000000000000e+03
1.258000000000000000e+03
1.112000000000000000e+03
1.267000000000000000e+03
1.121000000000000000e+03
1.271000000000000000e+03
1.126000000000000000e+03
1.277000000000000000e+03
1.174000000000000000e+03
1.278000000000000000e+03
1.135000000000000000e+03
1.281000000000000000e+03
1.154000000000000000e+03
1.282000000000000000e+03
1.132000000000000000e+03
1.288000000000000000e+03
1.148000000000000000e+03
1.297000000000000000e+03
1.163000000000000000e+03
1.303000000000000000e+03
1.155000000000000000e+03
1.307000000000000000e+03
1.170000000000000000e+03
1.308000000000000000e+03
1.165000000000000000e+03
1.309000000000000000e+03
1.166000000000000000e+03
1.326000000000000000e+03
1.203000000000000000e+03
1.327000000000000000e+03
1.177000000000000000e+03
1.329000000000000000e+03
1.179000000000000000e+03
1.343000000000000000e+03
1.240000000000000000e+03
1.344000000000000000e+03
1.193000000000000000e+03
1.359000000000000000e+03
1.211000000000000000e+03
1.373000000000000000e+03
1.241000000000000000e+03
1.381000000000000000e+03
1.256000000000000000e+03
1.396000000000000000e+03
1.242000000000000000e+03
1.397000000000000000e+03
1.243000000000000000e+03
1.423000000000000000e+03
1.285000000000000000e+03
1.427000000000000000e+03
1.291000000000000000e+03
1.441000000000000000e+03
1.320000000000000000e+03
1.442000000000000000e+03
1.321000000000000000e+03
1.460000000000000000e+03
1.337000000000000000e+03
1.484000000000000000e+03
1.355000000000000000e+03
1.487000000000000000e+03
1.373000000000000000e+03
1.488000000000000000e+03
1.330000000000000000e+03
1.489000000000000000e+03
1.374000000000000000e+03
1.490000000000000000e+03
1.375000000000000000e+03
1.495000000000000000e+03
1.359000000000000000e+03
1.502000000000000000e+03
1.364000000000000000e+03
1.526000000000000000e+03
1.394000000000000000e+03
1.527000000000000000e+03
1.395000000000000000e+03
1.532000000000000000e+03
1.409000000000000000e+03
1.544000000000000000e+03
1.403000000000000000e+03
1.545000000000000000e+03
1.386000000000000000e+03
1.626000000000000000e+03
1.471000000000000000e+03
1.636000000000000000e+03
1.458000000000000000e+03
1.648000000000000000e+03
1.478000000000000000e+03
1.656000000000000000e+03
1.480000000000000000e+03
1.671000000000000000e+03
1.525000000000000000e+03
1.684000000000000000e+03
1.526000000000000000e+03
1.688000000000000000e+03
1.548000000000000000e+03
1.689000000000000000e+03
4.509000000000000000e+03
1.701000000000000000e+03
1.581000000000000000e+03
1.702000000000000000e+03
1.537000000000000000e+03
1.710000000000000000e+03
1.550000000000000000e+03
1.758000000000000000e+03
1.625000000000000000e+03
1.759000000000000000e+03
1.601000000000000000e+03
1.765000000000000000e+03
1.632000000000000000e+03
1.766000000000000000e+03
4.578000000000000000e+03
1.778000000000000000e+03
1.612000000000000000e+03
1.783000000000000000e+03
1.617000000000000000e+03
1.789000000000000000e+03
1.618000000000000000e+03
1.794000000000000000e+03
1.619000000000000000e+03
1.795000000000000000e+03
1.620000000000000000e+03
1.803000000000000000e+03
1.647000000000000000e+03
1.807000000000000000e+03
1.646000000000000000e+03
1.811000000000000000e+03
1.634000000000000000e+03
1.812000000000000000e+03
1.635000000000000000e+03
1.821000000000000000e+03
1.644000000000000000e+03
1.822000000000000000e+03
1.645000000000000000e+03
1.823000000000000000e+03
4.461000000000000000e+03
1.824000000000000000e+03
1.676000000000000000e+03
1.841000000000000000e+03
1.677000000000000000e+03
1.848000000000000000e+03
1.690000000000000000e+03
1.861000000000000000e+03
1.697000000000000000e+03
1.862000000000000000e+03
1.696000000000000000e+03
1.872000000000000000e+03
1.723000000000000000e+03
1.883000000000000000e+03
1.766000000000000000e+03
1.887000000000000000e+03
1.753000000000000000e+03
1.894000000000000000e+03
1.759000000000000000e+03
1.899000000000000000e+03
6.996000000000000000e+03
1.914000000000000000e+03
1.787000000000000000e+03
1.915000000000000000e+03
1.788000000000000000e+03
1.940000000000000000e+03
1.797000000000000000e+03
1.947000000000000000e+03
1.824000000000000000e+03
1.950000000000000000e+03
1.798000000000000000e+03
1.972000000000000000e+03
1.826000000000000000e+03
1.981000000000000000e+03
1.873000000000000000e+03
1.988000000000000000e+03
1.879000000000000000e+03
1.994000000000000000e+03
1.851000000000000000e+03
1.999000000000000000e+03
1.880000000000000000e+03
2.002000000000000000e+03
1.885000000000000000e+03
2.011000000000000000e+03
1.889000000000000000e+03
2.012000000000000000e+03
1.890000000000000000e+03
2.019000000000000000e+03
1.891000000000000000e+03
2.020000000000000000e+03
1.887000000000000000e+03
2.021000000000000000e+03
1.886000000000000000e+03
2.023000000000000000e+03
1.907000000000000000e+03
2.027000000000000000e+03
1.902000000000000000e+03
2.043000000000000000e+03
1.912000000000000000e+03
2.048000000000000000e+03
1.919000000000000000e+03
2.052000000000000000e+03
1.915000000000000000e+03
2.053000000000000000e+03
1.927000000000000000e+03
2.059000000000000000e+03
1.925000000000000000e+03
2.066000000000000000e+03
1.935000000000000000e+03
2.069000000000000000e+03
1.921000000000000000e+03
2.070000000000000000e+03
1.940000000000000000e+03
2.074000000000000000e+03
1.949000000000000000e+03
2.089000000000000000e+03
1.974000000000000000e+03
2.090000000000000000e+03
1.946000000000000000e+03
2.091000000000000000e+03
1.948000000000000000e+03
2.108000000000000000e+03
1.965000000000000000e+03
2.109000000000000000e+03
1.993000000000000000e+03
2.112000000000000000e+03
1.966000000000000000e+03
2.121000000000000000e+03
1.980000000000000000e+03
2.122000000000000000e+03
1.969000000000000000e+03
2.125000000000000000e+03
1.988000000000000000e+03
2.126000000000000000e+03
1.977000000000000000e+03
2.138000000000000000e+03
1.998000000000000000e+03
2.146000000000000000e+03
1.994000000000000000e+03
2.147000000000000000e+03
1.995000000000000000e+03
2.148000000000000000e+03
2.006000000000000000e+03
2.149000000000000000e+03
2.007000000000000000e+03
2.154000000000000000e+03
2.064000000000000000e+03
2.159000000000000000e+03
2.013000000000000000e+03
2.160000000000000000e+03
2.014000000000000000e+03
2.164000000000000000e+03
2.008000000000000000e+03
2.171000000000000000e+03
2.015000000000000000e+03
2.175000000000000000e+03
2.043000000000000000e+03
2.177000000000000000e+03
2.031000000000000000e+03
2.178000000000000000e+03
2.032000000000000000e+03
2.184000000000000000e+03
2.062000000000000000e+03
2.188000000000000000e+03
2.028000000000000000e+03
2.189000000000000000e+03
2.047000000000000000e+03
2.190000000000000000e+03
2.037000000000000000e+03
2.195000000000000000e+03
2.063000000000000000e+03
2.196000000000000000e+03
2.050000000000000000e+03
2.197000000000000000e+03
2.048000000000000000e+03
2.198000000000000000e+03
2.042000000000000000e+03
2.206000000000000000e+03
2.085000000000000000e+03
2.207000000000000000e+03
2.071000000000000000e+03
2.208000000000000000e+03
2.068000000000000000e+03
2.212000000000000000e+03
2.078000000000000000e+03
2.213000000000000000e+03
2.135000000000000000e+03
2.214000000000000000e+03
2.084000000000000000e+03
2.215000000000000000e+03
2.093000000000000000e+03
2.217000000000000000e+03
2.077000000000000000e+03
2.218000000000000000e+03
2.079000000000000000e+03
2.220000000000000000e+03
2.082000000000000000e+03
2.222000000000000000e+03
2.114000000000000000e+03
2.223000000000000000e+03
2.105000000000000000e+03
2.224000000000000000e+03
2.096000000000000000e+03
2.226000000000000000e+03
2.102000000000000000e+03
2.232000000000000000e+03
2.100000000000000000e+03
2.233000000000000000e+03
2.086000000000000000e+03
2.238000000000000000e+03
2.097000000000000000e+03
2.241000000000000000e+03
2.103000000000000000e+03
2.244000000000000000e+03
2.109000000000000000e+03
2.245000000000000000e+03
2.110000000000000000e+03
2.247000000000000000e+03
2.108000000000000000e+03
2.250000000000000000e+03
2.136000000000000000e+03
2.253000000000000000e+03
2.118000000000000000e+03
2.255000000000000000e+03
2.139000000000000000e+03
2.258000000000000000e+03
2.115000000000000000e+03
2.259000000000000000e+03
2.116000000000000000e+03
2.262000000000000000e+03
2.119000000000000000e+03
2.264000000000000000e+03
2.123000000000000000e+03
2.265000000000000000e+03
2.149000000000000000e+03
2.267000000000000000e+03
2.151000000000000000e+03
2.272000000000000000e+03
2.148000000000000000e+03
2.277000000000000000e+03
2.154000000000000000e+03
2.279000000000000000e+03
2.143000000000000000e+03
2.284000000000000000e+03
2.147000000000000000e+03
2.285000000000000000e+03
2.162000000000000000e+03
2.288000000000000000e+03
2.160000000000000000e+03
2.300000000000000000e+03
2.187000000000000000e+03
2.302000000000000000e+03
2.177000000000000000e+03
2.303000000000000000e+03
2.178000000000000000e+03
2.304000000000000000e+03
2.179000000000000000e+03
2.305000000000000000e+03
2.168000000000000000e+03
2.306000000000000000e+03
2.169000000000000000e+03
2.307000000000000000e+03
2.171000000000000000e+03
2.310000000000000000e+03
2.172000000000000000e+03
2.311000000000000000e+03
2.173000000000000000e+03
2.316000000000000000e+03
2.183000000000000000e+03
2.320000000000000000e+03
2.192000000000000000e+03
2.322000000000000000e+03
2.195000000000000000e+03
2.323000000000000000e+03
2.196000000000000000e+03
2.324000000000000000e+03
2.197000000000000000e+03
2.325000000000000000e+03
2.198000000000000000e+03
2.328000000000000000e+03
2.204000000000000000e+03
2.329000000000000000e+03
2.188000000000000000e+03
2.330000000000000000e+03
2.184000000000000000e+03
2.334000000000000000e+03
2.228000000000000000e+03
2.335000000000000000e+03
2.208000000000000000e+03
2.336000000000000000e+03
2.185000000000000000e+03
2.337000000000000000e+03
2.200000000000000000e+03
2.340000000000000000e+03
2.215000000000000000e+03
2.341000000000000000e+03
2.216000000000000000e+03
2.351000000000000000e+03
2.220000000000000000e+03
2.352000000000000000e+03
2.206000000000000000e+03
2.354000000000000000e+03
2.218000000000000000e+03
2.357000000000000000e+03
2.219000000000000000e+03
2.363000000000000000e+03
2.223000000000000000e+03
2.366000000000000000e+03
2.232000000000000000e+03
2.368000000000000000e+03
2.225000000000000000e+03
2.371000000000000000e+03
2.233000000000000000e+03
2.372000000000000000e+03
2.234000000000000000e+03
2.373000000000000000e+03
2.240000000000000000e+03
2.384000000000000000e+03
2.253000000000000000e+03
2.385000000000000000e+03
2.245000000000000000e+03
2.386000000000000000e+03
2.235000000000000000e+03
2.388000000000000000e+03
2.254000000000000000e+03
2.393000000000000000e+03
2.241000000000000000e+03
2.395000000000000000e+03
2.249000000000000000e+03
2.396000000000000000e+03
2.242000000000000000e+03
2.397000000000000000e+03
2.243000000000000000e+03
2.401000000000000000e+03
2.255000000000000000e+03
2.403000000000000000e+03
2.265000000000000000e+03
2.404000000000000000e+03
2.266000000000000000e+03
2.406000000000000000e+03
2.267000000000000000e+03
2.410000000000000000e+03
2.261000000000000000e+03
2.411000000000000000e+03
2.262000000000000000e+03
2.415000000000000000e+03
2.263000000000000000e+03
2.417000000000000000e+03
2.258000000000000000e+03
2.418000000000000000e+03
2.269000000000000000e+03
2.419000000000000000e+03
2.268000000000000000e+03
2.421000000000000000e+03
2.259000000000000000e+03
2.425000000000000000e+03
2.271000000000000000e+03
2.428000000000000000e+03
2.277000000000000000e+03
2.429000000000000000e+03
2.278000000000000000e+03
2.434000000000000000e+03
2.288000000000000000e+03
2.435000000000000000e+03
2.280000000000000000e+03
2.436000000000000000e+03
2.293000000000000000e+03
2.437000000000000000e+03
2.295000000000000000e+03
2.440000000000000000e+03
2.289000000000000000e+03
2.443000000000000000e+03
2.301000000000000000e+03
2.444000000000000000e+03
2.290000000000000000e+03
2.445000000000000000e+03
2.302000000000000000e+03
2.450000000000000000e+03
2.307000000000000000e+03
2.452000000000000000e+03
2.287000000000000000e+03
2.453000000000000000e+03
2.286000000000000000e+03
2.457000000000000000e+03
2.315000000000000000e+03
2.458000000000000000e+03
2.310000000000000000e+03
2.459000000000000000e+03
2.296000000000000000e+03
2.460000000000000000e+03
2.294000000000000000e+03
2.461000000000000000e+03
2.322000000000000000e+03
2.462000000000000000e+03
2.316000000000000000e+03
2.463000000000000000e+03
4.982000000000000000e+03
2.464000000000000000e+03
4.974000000000000000e+03
2.474000000000000000e+03
2.308000000000000000e+03
2.476000000000000000e+03
2.342000000000000000e+03
2.477000000000000000e+03
2.343000000000000000e+03
2.478000000000000000e+03
2.325000000000000000e+03
2.479000000000000000e+03
2.324000000000000000e+03
2.480000000000000000e+03
2.317000000000000000e+03
2.481000000000000000e+03
2.318000000000000000e+03
2.482000000000000000e+03
2.311000000000000000e+03
2.483000000000000000e+03
2.319000000000000000e+03
2.484000000000000000e+03
2.361000000000000000e+03
2.485000000000000000e+03
2.344000000000000000e+03
2.486000000000000000e+03
2.334000000000000000e+03
2.487000000000000000e+03
2.331000000000000000e+03
2.489000000000000000e+03
2.335000000000000000e+03
2.490000000000000000e+03
2.326000000000000000e+03
2.498000000000000000e+03
2.336000000000000000e+03
2.499000000000000000e+03
2.337000000000000000e+03
2.500000000000000000e+03
2.338000000000000000e+03
2.502000000000000000e+03
2.374000000000000000e+03
2.503000000000000000e+03
2.341000000000000000e+03
2.504000000000000000e+03
2.339000000000000000e+03
2.505000000000000000e+03
2.346000000000000000e+03
2.511000000000000000e+03
2.366000000000000000e+03
2.512000000000000000e+03
2.352000000000000000e+03
2.513000000000000000e+03
2.367000000000000000e+03
2.516000000000000000e+03
2.354000000000000000e+03
2.524000000000000000e+03
2.365000000000000000e+03
2.529000000000000000e+03
2.383000000000000000e+03
2.530000000000000000e+03
2.382000000000000000e+03
2.531000000000000000e+03
2.369000000000000000e+03
2.532000000000000000e+03
2.376000000000000000e+03
2.535000000000000000e+03
2.377000000000000000e+03
2.539000000000000000e+03
2.392000000000000000e+03
2.540000000000000000e+03
2.393000000000000000e+03
2.542000000000000000e+03
2.378000000000000000e+03
2.543000000000000000e+03
2.379000000000000000e+03
2.545000000000000000e+03
2.384000000000000000e+03
2.546000000000000000e+03
2.385000000000000000e+03
2.547000000000000000e+03
2.386000000000000000e+03
2.548000000000000000e+03
2.387000000000000000e+03
2.551000000000000000e+03
2.390000000000000000e+03
2.553000000000000000e+03
2.399000000000000000e+03
2.554000000000000000e+03
2.394000000000000000e+03
2.555000000000000000e+03
2.395000000000000000e+03
2.556000000000000000e+03
2.397000000000000000e+03
2.559000000000000000e+03
5.022000000000000000e+03
2.560000000000000000e+03
5.023000000000000000e+03
2.561000000000000000e+03
2.400000000000000000e+03
2.562000000000000000e+03
2.401000000000000000e+03
2.563000000000000000e+03
2.415000000000000000e+03
2.564000000000000000e+03
2.416000000000000000e+03
2.565000000000000000e+03
2.405000000000000000e+03
2.569000000000000000e+03
2.402000000000000000e+03
2.572000000000000000e+03
2.414000000000000000e+03
2.573000000000000000e+03
2.411000000000000000e+03
2.574000000000000000e+03
2.412000000000000000e+03
2.575000000000000000e+03
2.408000000000000000e+03
2.578000000000000000e+03
2.417000000000000000e+03
2.579000000000000000e+03
2.418000000000000000e+03
2.580000000000000000e+03
2.409000000000000000e+03
2.583000000000000000e+03
2.428000000000000000e+03
2.584000000000000000e+03
2.429000000000000000e+03
2.585000000000000000e+03
2.430000000000000000e+03
2.586000000000000000e+03
2.420000000000000000e+03
2.587000000000000000e+03
2.419000000000000000e+03
2.588000000000000000e+03
2.421000000000000000e+03
2.591000000000000000e+03
2.423000000000000000e+03
2.592000000000000000e+03
2.424000000000000000e+03
2.594000000000000000e+03
2.427000000000000000e+03
2.595000000000000000e+03
2.431000000000000000e+03
2.597000000000000000e+03
2.432000000000000000e+03
2.600000000000000000e+03
2.444000000000000000e+03
2.602000000000000000e+03
2.433000000000000000e+03
2.603000000000000000e+03
2.452000000000000000e+03
2.604000000000000000e+03
2.453000000000000000e+03
2.605000000000000000e+03
2.445000000000000000e+03
2.606000000000000000e+03
2.435000000000000000e+03
2.607000000000000000e+03
2.454000000000000000e+03
2.608000000000000000e+03
2.449000000000000000e+03
2.609000000000000000e+03
2.450000000000000000e+03
2.610000000000000000e+03
2.441000000000000000e+03
2.611000000000000000e+03
5.040000000000000000e+03
2.613000000000000000e+03
2.462000000000000000e+03
2.614000000000000000e+03
2.446000000000000000e+03
2.617000000000000000e+03
2.466000000000000000e+03
2.618000000000000000e+03
2.455000000000000000e+03
2.619000000000000000e+03
2.459000000000000000e+03
2.620000000000000000e+03
2.463000000000000000e+03
2.621000000000000000e+03
2.464000000000000000e+03
2.624000000000000000e+03
2.469000000000000000e+03
2.625000000000000000e+03
2.473000000000000000e+03
2.626000000000000000e+03
2.471000000000000000e+03
2.627000000000000000e+03
2.470000000000000000e+03
2.630000000000000000e+03
2.481000000000000000e+03
2.631000000000000000e+03
2.474000000000000000e+03
2.632000000000000000e+03
2.472000000000000000e+03
2.633000000000000000e+03
2.485000000000000000e+03
2.634000000000000000e+03
2.476000000000000000e+03
2.635000000000000000e+03
2.475000000000000000e+03
2.636000000000000000e+03
2.478000000000000000e+03
2.638000000000000000e+03
2.491000000000000000e+03
2.639000000000000000e+03
2.488000000000000000e+03
2.640000000000000000e+03
2.487000000000000000e+03
2.642000000000000000e+03
2.486000000000000000e+03
2.643000000000000000e+03
2.482000000000000000e+03
2.644000000000000000e+03
2.483000000000000000e+03
2.645000000000000000e+03
2.484000000000000000e+03
2.647000000000000000e+03
2.492000000000000000e+03
2.656000000000000000e+03
2.508000000000000000e+03
2.659000000000000000e+03
2.511000000000000000e+03
2.662000000000000000e+03
2.517000000000000000e+03
2.663000000000000000e+03
2.518000000000000000e+03
2.664000000000000000e+03
2.498000000000000000e+03
2.665000000000000000e+03
2.499000000000000000e+03
2.666000000000000000e+03
2.501000000000000000e+03
2.667000000000000000e+03
2.520000000000000000e+03
2.668000000000000000e+03
2.521000000000000000e+03
2.670000000000000000e+03
2.509000000000000000e+03
2.673000000000000000e+03
2.512000000000000000e+03
2.674000000000000000e+03
2.524000000000000000e+03
2.675000000000000000e+03
2.527000000000000000e+03
2.676000000000000000e+03
2.514000000000000000e+03
2.677000000000000000e+03
2.532000000000000000e+03
2.678000000000000000e+03
2.525000000000000000e+03
2.679000000000000000e+03
2.536000000000000000e+03
2.680000000000000000e+03
2.526000000000000000e+03
2.681000000000000000e+03
2.537000000000000000e+03
2.685000000000000000e+03
2.545000000000000000e+03
2.689000000000000000e+03
2.544000000000000000e+03
2.691000000000000000e+03
2.546000000000000000e+03
2.692000000000000000e+03
2.549000000000000000e+03
2.704000000000000000e+03
2.555000000000000000e+03
2.706000000000000000e+03
2.556000000000000000e+03
2.707000000000000000e+03
2.553000000000000000e+03
2.708000000000000000e+03
2.554000000000000000e+03
2.710000000000000000e+03
2.559000000000000000e+03
2.715000000000000000e+03
2.557000000000000000e+03
2.716000000000000000e+03
2.558000000000000000e+03
2.727000000000000000e+03
2.572000000000000000e+03
2.729000000000000000e+03
2.563000000000000000e+03
2.730000000000000000e+03
2.564000000000000000e+03
2.731000000000000000e+03
2.565000000000000000e+03
2.732000000000000000e+03
2.566000000000000000e+03
2.734000000000000000e+03
2.573000000000000000e+03
2.736000000000000000e+03
2.577000000000000000e+03
2.737000000000000000e+03
2.578000000000000000e+03
2.740000000000000000e+03
5.092000000000000000e+03
2.743000000000000000e+03
2.582000000000000000e+03
2.749000000000000000e+03
2.591000000000000000e+03
2.752000000000000000e+03
2.592000000000000000e+03
2.753000000000000000e+03
2.593000000000000000e+03
2.757000000000000000e+03
2.594000000000000000e+03
2.758000000000000000e+03
2.597000000000000000e+03
2.759000000000000000e+03
2.598000000000000000e+03
2.760000000000000000e+03
2.599000000000000000e+03
2.761000000000000000e+03
2.600000000000000000e+03
2.765000000000000000e+03
2.601000000000000000e+03
2.768000000000000000e+03
2.609000000000000000e+03
2.769000000000000000e+03
2.610000000000000000e+03
2.773000000000000000e+03
2.608000000000000000e+03
2.775000000000000000e+03
2.612000000000000000e+03
2.776000000000000000e+03
2.611000000000000000e+03
2.789000000000000000e+03
2.622000000000000000e+03
2.797000000000000000e+03
2.625000000000000000e+03
2.800000000000000000e+03
2.626000000000000000e+03
2.802000000000000000e+03
2.632000000000000000e+03
2.803000000000000000e+03
2.631000000000000000e+03
2.810000000000000000e+03
2.636000000000000000e+03
2.811000000000000000e+03
2.645000000000000000e+03
2.812000000000000000e+03
2.640000000000000000e+03
2.814000000000000000e+03
2.642000000000000000e+03
2.815000000000000000e+03
2.643000000000000000e+03
2.821000000000000000e+03
2.649000000000000000e+03
2.822000000000000000e+03
2.650000000000000000e+03
2.825000000000000000e+03
2.656000000000000000e+03
2.829000000000000000e+03
2.661000000000000000e+03
2.830000000000000000e+03
2.659000000000000000e+03
2.843000000000000000e+03
2.665000000000000000e+03
2.850000000000000000e+03
2.669000000000000000e+03
2.855000000000000000e+03
2.672000000000000000e+03
2.859000000000000000e+03
2.673000000000000000e+03
2.860000000000000000e+03
2.674000000000000000e+03
2.861000000000000000e+03
2.675000000000000000e+03
2.867000000000000000e+03
2.682000000000000000e+03
2.868000000000000000e+03
2.683000000000000000e+03
2.869000000000000000e+03
2.681000000000000000e+03
2.870000000000000000e+03
2.680000000000000000e+03
2.875000000000000000e+03
2.684000000000000000e+03
2.876000000000000000e+03
2.685000000000000000e+03
2.877000000000000000e+03
2.686000000000000000e+03
2.879000000000000000e+03
2.689000000000000000e+03
2.880000000000000000e+03
2.690000000000000000e+03
2.881000000000000000e+03
2.691000000000000000e+03
2.882000000000000000e+03
2.692000000000000000e+03
2.883000000000000000e+03
2.693000000000000000e+03
2.886000000000000000e+03
2.698000000000000000e+03
2.890000000000000000e+03
2.706000000000000000e+03
2.892000000000000000e+03
2.707000000000000000e+03
2.895000000000000000e+03
2.711000000000000000e+03
2.897000000000000000e+03
2.712000000000000000e+03
2.898000000000000000e+03
2.713000000000000000e+03
2.899000000000000000e+03
2.714000000000000000e+03
2.900000000000000000e+03
2.718000000000000000e+03
2.901000000000000000e+03
2.719000000000000000e+03
2.908000000000000000e+03
2.721000000000000000e+03
2.909000000000000000e+03
2.720000000000000000e+03
2.910000000000000000e+03
2.727000000000000000e+03
2.911000000000000000e+03
2.726000000000000000e+03
2.912000000000000000e+03
2.728000000000000000e+03
2.913000000000000000e+03
2.729000000000000000e+03
2.914000000000000000e+03
2.730000000000000000e+03
2.915000000000000000e+03
2.733000000000000000e+03
2.916000000000000000e+03
2.732000000000000000e+03
2.918000000000000000e+03
2.735000000000000000e+03
2.919000000000000000e+03
2.740000000000000000e+03
2.920000000000000000e+03
2.741000000000000000e+03
2.921000000000000000e+03
2.744000000000000000e+03
2.924000000000000000e+03
2.745000000000000000e+03
2.925000000000000000e+03
2.747000000000000000e+03
2.926000000000000000e+03
2.748000000000000000e+03
2.927000000000000000e+03
2.751000000000000000e+03
2.928000000000000000e+03
2.752000000000000000e+03
2.930000000000000000e+03
2.750000000000000000e+03
2.932000000000000000e+03
2.755000000000000000e+03
2.933000000000000000e+03
2.756000000000000000e+03
2.935000000000000000e+03
2.760000000000000000e+03
2.939000000000000000e+03
2.764000000000000000e+03
2.942000000000000000e+03
2.766000000000000000e+03
2.943000000000000000e+03
2.767000000000000000e+03
2.944000000000000000e+03
2.768000000000000000e+03
2.947000000000000000e+03
2.769000000000000000e+03
2.951000000000000000e+03
2.770000000000000000e+03
2.952000000000000000e+03
2.775000000000000000e+03
2.955000000000000000e+03
2.776000000000000000e+03
2.956000000000000000e+03
2.778000000000000000e+03
2.959000000000000000e+03
2.781000000000000000e+03
2.961000000000000000e+03
2.783000000000000000e+03
2.962000000000000000e+03
2.782000000000000000e+03
2.965000000000000000e+03
2.788000000000000000e+03
2.966000000000000000e+03
2.791000000000000000e+03
2.967000000000000000e+03
2.792000000000000000e+03
2.971000000000000000e+03
2.798000000000000000e+03
2.972000000000000000e+03
2.794000000000000000e+03
2.973000000000000000e+03
2.802000000000000000e+03
2.976000000000000000e+03
2.800000000000000000e+03
2.977000000000000000e+03
2.801000000000000000e+03
2.979000000000000000e+03
2.804000000000000000e+03
2.982000000000000000e+03
2.806000000000000000e+03
2.984000000000000000e+03
2.811000000000000000e+03
2.988000000000000000e+03
2.814000000000000000e+03
2.989000000000000000e+03
2.815000000000000000e+03
2.990000000000000000e+03
2.816000000000000000e+03
2.991000000000000000e+03
2.817000000000000000e+03
2.993000000000000000e+03
2.818000000000000000e+03
3.001000000000000000e+03
2.822000000000000000e+03
3.002000000000000000e+03
2.823000000000000000e+03
3.005000000000000000e+03
2.831000000000000000e+03
3.007000000000000000e+03
2.824000000000000000e+03
3.008000000000000000e+03
2.825000000000000000e+03
3.010000000000000000e+03
2.828000000000000000e+03
3.021000000000000000e+03
2.841000000000000000e+03
3.024000000000000000e+03
2.845000000000000000e+03
3.028000000000000000e+03
2.842000000000000000e+03
3.029000000000000000e+03
2.843000000000000000e+03
3.040000000000000000e+03
2.852000000000000000e+03
3.041000000000000000e+03
2.853000000000000000e+03
3.044000000000000000e+03
2.857000000000000000e+03
3.045000000000000000e+03
2.856000000000000000e+03
3.046000000000000000e+03
2.864000000000000000e+03
3.047000000000000000e+03
2.863000000000000000e+03
3.048000000000000000e+03
2.866000000000000000e+03
3.051000000000000000e+03
2.860000000000000000e+03
3.052000000000000000e+03
2.861000000000000000e+03
3.053000000000000000e+03
2.862000000000000000e+03
3.060000000000000000e+03
2.865000000000000000e+03
3.061000000000000000e+03
2.870000000000000000e+03
3.062000000000000000e+03
2.871000000000000000e+03
3.063000000000000000e+03
2.867000000000000000e+03
3.065000000000000000e+03
2.868000000000000000e+03
3.066000000000000000e+03
2.869000000000000000e+03
3.068000000000000000e+03
2.874000000000000000e+03
3.069000000000000000e+03
2.876000000000000000e+03
3.072000000000000000e+03
2.875000000000000000e+03
3.074000000000000000e+03
2.886000000000000000e+03
3.079000000000000000e+03
2.897000000000000000e+03
3.084000000000000000e+03
2.899000000000000000e+03
3.085000000000000000e+03
2.900000000000000000e+03
3.087000000000000000e+03
2.890000000000000000e+03
3.088000000000000000e+03
2.891000000000000000e+03
3.089000000000000000e+03
2.895000000000000000e+03
3.090000000000000000e+03
2.896000000000000000e+03
3.091000000000000000e+03
2.894000000000000000e+03
3.092000000000000000e+03
2.893000000000000000e+03
3.094000000000000000e+03
2.911000000000000000e+03
3.095000000000000000e+03
2.912000000000000000e+03
3.097000000000000000e+03
2.906000000000000000e+03
3.098000000000000000e+03
2.907000000000000000e+03
3.099000000000000000e+03
5.219000000000000000e+03
3.102000000000000000e+03
2.903000000000000000e+03
3.103000000000000000e+03
2.904000000000000000e+03
3.104000000000000000e+03
2.905000000000000000e+03
3.110000000000000000e+03
2.916000000000000000e+03
3.119000000000000000e+03
2.933000000000000000e+03
3.121000000000000000e+03
2.939000000000000000e+03
3.122000000000000000e+03
2.926000000000000000e+03
3.123000000000000000e+03
2.927000000000000000e+03
3.125000000000000000e+03
2.942000000000000000e+03
3.126000000000000000e+03
2.921000000000000000e+03
3.128000000000000000e+03
2.945000000000000000e+03
3.134000000000000000e+03
2.940000000000000000e+03
3.135000000000000000e+03
2.951000000000000000e+03
3.136000000000000000e+03
2.950000000000000000e+03
3.137000000000000000e+03
2.943000000000000000e+03
3.140000000000000000e+03
2.938000000000000000e+03
3.142000000000000000e+03
2.957000000000000000e+03
3.144000000000000000e+03
2.949000000000000000e+03
3.146000000000000000e+03
2.959000000000000000e+03
3.149000000000000000e+03
2.962000000000000000e+03
3.150000000000000000e+03
2.963000000000000000e+03
3.153000000000000000e+03
2.956000000000000000e+03
3.154000000000000000e+03
2.967000000000000000e+03
3.155000000000000000e+03
2.968000000000000000e+03
3.156000000000000000e+03
2.969000000000000000e+03
3.157000000000000000e+03
2.966000000000000000e+03
3.160000000000000000e+03
2.977000000000000000e+03
3.162000000000000000e+03
2.973000000000000000e+03
3.166000000000000000e+03
2.960000000000000000e+03
3.173000000000000000e+03
2.984000000000000000e+03
3.174000000000000000e+03
2.987000000000000000e+03
3.175000000000000000e+03
2.961000000000000000e+03
3.176000000000000000e+03
2.983000000000000000e+03
3.179000000000000000e+03
2.985000000000000000e+03
3.180000000000000000e+03
2.970000000000000000e+03
3.181000000000000000e+03
2.971000000000000000e+03
3.182000000000000000e+03
2.972000000000000000e+03
3.186000000000000000e+03
2.979000000000000000e+03
3.190000000000000000e+03
2.988000000000000000e+03
3.191000000000000000e+03
2.995000000000000000e+03
3.194000000000000000e+03
2.990000000000000000e+03
3.195000000000000000e+03
3.004000000000000000e+03
3.196000000000000000e+03
3.000000000000000000e+03
3.197000000000000000e+03
3.001000000000000000e+03
3.202000000000000000e+03
3.011000000000000000e+03
3.209000000000000000e+03
3.017000000000000000e+03
3.210000000000000000e+03
3.010000000000000000e+03
3.212000000000000000e+03
2.996000000000000000e+03
3.213000000000000000e+03
2.997000000000000000e+03
3.214000000000000000e+03
2.998000000000000000e+03
3.215000000000000000e+03
2.999000000000000000e+03
3.216000000000000000e+03
3.014000000000000000e+03
3.217000000000000000e+03
3.029000000000000000e+03
3.218000000000000000e+03
3.030000000000000000e+03
3.219000000000000000e+03
3.035000000000000000e+03
3.220000000000000000e+03
3.034000000000000000e+03
3.221000000000000000e+03
3.003000000000000000e+03
3.222000000000000000e+03
3.038000000000000000e+03
3.223000000000000000e+03
3.039000000000000000e+03
3.224000000000000000e+03
3.002000000000000000e+03
3.225000000000000000e+03
3.008000000000000000e+03
3.227000000000000000e+03
3.040000000000000000e+03
3.228000000000000000e+03
3.023000000000000000e+03
3.229000000000000000e+03
3.036000000000000000e+03
3.231000000000000000e+03
3.028000000000000000e+03
3.232000000000000000e+03
3.049000000000000000e+03
3.233000000000000000e+03
3.050000000000000000e+03
3.234000000000000000e+03
3.021000000000000000e+03
3.235000000000000000e+03
3.020000000000000000e+03
3.236000000000000000e+03
3.048000000000000000e+03
3.237000000000000000e+03
5.248000000000000000e+03
3.238000000000000000e+03
5.249000000000000000e+03
3.243000000000000000e+03
3.064000000000000000e+03
3.247000000000000000e+03
3.066000000000000000e+03
3.248000000000000000e+03
3.067000000000000000e+03
3.249000000000000000e+03
3.068000000000000000e+03
3.254000000000000000e+03
3.063000000000000000e+03
3.257000000000000000e+03
3.053000000000000000e+03
3.258000000000000000e+03
3.055000000000000000e+03
3.259000000000000000e+03
3.056000000000000000e+03
3.260000000000000000e+03
3.057000000000000000e+03
3.261000000000000000e+03
3.058000000000000000e+03
3.262000000000000000e+03
3.059000000000000000e+03
3.265000000000000000e+03
3.070000000000000000e+03
3.266000000000000000e+03
3.071000000000000000e+03
3.267000000000000000e+03
3.075000000000000000e+03
3.268000000000000000e+03
3.060000000000000000e+03
3.269000000000000000e+03
3.069000000000000000e+03
3.270000000000000000e+03
3.074000000000000000e+03
3.271000000000000000e+03
3.078000000000000000e+03
3.272000000000000000e+03
3.077000000000000000e+03
3.281000000000000000e+03
3.092000000000000000e+03
3.282000000000000000e+03
3.091000000000000000e+03
3.285000000000000000e+03
3.097000000000000000e+03
3.286000000000000000e+03
3.098000000000000000e+03
3.288000000000000000e+03
3.096000000000000000e+03
3.297000000000000000e+03
3.087000000000000000e+03
3.298000000000000000e+03
3.085000000000000000e+03
3.299000000000000000e+03
3.089000000000000000e+03
3.302000000000000000e+03
3.112000000000000000e+03
3.303000000000000000e+03
3.116000000000000000e+03
3.304000000000000000e+03
3.117000000000000000e+03
3.305000000000000000e+03
3.118000000000000000e+03
3.306000000000000000e+03
3.114000000000000000e+03
3.307000000000000000e+03
3.115000000000000000e+03
3.308000000000000000e+03
3.105000000000000000e+03
3.309000000000000000e+03
3.106000000000000000e+03
3.310000000000000000e+03
3.111000000000000000e+03
3.311000000000000000e+03
3.122000000000000000e+03
3.312000000000000000e+03
3.123000000000000000e+03
3.314000000000000000e+03
3.119000000000000000e+03
3.315000000000000000e+03
3.120000000000000000e+03
3.316000000000000000e+03
3.121000000000000000e+03
3.320000000000000000e+03
3.103000000000000000e+03
3.322000000000000000e+03
3.127000000000000000e+03
3.323000000000000000e+03
3.113000000000000000e+03
3.325000000000000000e+03
3.124000000000000000e+03
3.326000000000000000e+03
3.143000000000000000e+03
3.330000000000000000e+03
3.141000000000000000e+03
3.331000000000000000e+03
3.142000000000000000e+03
3.332000000000000000e+03
3.145000000000000000e+03
3.333000000000000000e+03
3.129000000000000000e+03
3.335000000000000000e+03
3.148000000000000000e+03
3.336000000000000000e+03
3.149000000000000000e+03
3.340000000000000000e+03
3.140000000000000000e+03
3.341000000000000000e+03
3.150000000000000000e+03
3.342000000000000000e+03
3.151000000000000000e+03
3.345000000000000000e+03
3.157000000000000000e+03
3.346000000000000000e+03
3.158000000000000000e+03
3.348000000000000000e+03
3.170000000000000000e+03
3.350000000000000000e+03
3.169000000000000000e+03
3.351000000000000000e+03
5.285000000000000000e+03
3.354000000000000000e+03
3.173000000000000000e+03
3.355000000000000000e+03
3.174000000000000000e+03
3.358000000000000000e+03
3.144000000000000000e+03
3.359000000000000000e+03
3.183000000000000000e+03
3.360000000000000000e+03
3.184000000000000000e+03
3.361000000000000000e+03
3.179000000000000000e+03
3.363000000000000000e+03
3.153000000000000000e+03
3.364000000000000000e+03
3.168000000000000000e+03
3.367000000000000000e+03
3.172000000000000000e+03
3.368000000000000000e+03
3.188000000000000000e+03
3.369000000000000000e+03
3.154000000000000000e+03
3.371000000000000000e+03
3.181000000000000000e+03
3.372000000000000000e+03
3.182000000000000000e+03
3.374000000000000000e+03
3.175000000000000000e+03
3.375000000000000000e+03
3.185000000000000000e+03
3.376000000000000000e+03
3.186000000000000000e+03
3.377000000000000000e+03
5.288000000000000000e+03
3.378000000000000000e+03
5.289000000000000000e+03
3.379000000000000000e+03
3.192000000000000000e+03
3.380000000000000000e+03
3.187000000000000000e+03
3.384000000000000000e+03
3.194000000000000000e+03
3.388000000000000000e+03
3.207000000000000000e+03
3.389000000000000000e+03
3.208000000000000000e+03
3.391000000000000000e+03
3.202000000000000000e+03
3.394000000000000000e+03
3.213000000000000000e+03
3.395000000000000000e+03
3.189000000000000000e+03
3.396000000000000000e+03
3.193000000000000000e+03
3.397000000000000000e+03
3.204000000000000000e+03
3.398000000000000000e+03
3.196000000000000000e+03
3.399000000000000000e+03
3.197000000000000000e+03
3.401000000000000000e+03
3.200000000000000000e+03
3.402000000000000000e+03
3.201000000000000000e+03
3.403000000000000000e+03
3.206000000000000000e+03
3.404000000000000000e+03
3.215000000000000000e+03
3.405000000000000000e+03
3.210000000000000000e+03
3.406000000000000000e+03
3.211000000000000000e+03
3.407000000000000000e+03
3.212000000000000000e+03
3.408000000000000000e+03
3.218000000000000000e+03
3.409000000000000000e+03
3.219000000000000000e+03
3.410000000000000000e+03
3.223000000000000000e+03
3.411000000000000000e+03
3.222000000000000000e+03
3.412000000000000000e+03
3.226000000000000000e+03
3.413000000000000000e+03
3.229000000000000000e+03
3.414000000000000000e+03
3.221000000000000000e+03
3.417000000000000000e+03
3.235000000000000000e+03
3.418000000000000000e+03
3.236000000000000000e+03
3.423000000000000000e+03
3.220000000000000000e+03
3.424000000000000000e+03
3.228000000000000000e+03
3.425000000000000000e+03
3.234000000000000000e+03
3.426000000000000000e+03
3.238000000000000000e+03
3.427000000000000000e+03
5.305000000000000000e+03
3.429000000000000000e+03
3.233000000000000000e+03
3.430000000000000000e+03
3.241000000000000000e+03
3.432000000000000000e+03
3.242000000000000000e+03
3.434000000000000000e+03
3.243000000000000000e+03
3.436000000000000000e+03
3.240000000000000000e+03
3.437000000000000000e+03
3.246000000000000000e+03
3.438000000000000000e+03
3.247000000000000000e+03
3.439000000000000000e+03
3.248000000000000000e+03
3.440000000000000000e+03
3.260000000000000000e+03
3.441000000000000000e+03
3.227000000000000000e+03
3.442000000000000000e+03
3.264000000000000000e+03
3.443000000000000000e+03
3.255000000000000000e+03
3.444000000000000000e+03
3.275000000000000000e+03
3.445000000000000000e+03
3.274000000000000000e+03
3.448000000000000000e+03
3.250000000000000000e+03
3.449000000000000000e+03
3.257000000000000000e+03
3.450000000000000000e+03
3.259000000000000000e+03
3.451000000000000000e+03
3.272000000000000000e+03
3.452000000000000000e+03
3.269000000000000000e+03
3.453000000000000000e+03
3.273000000000000000e+03
3.455000000000000000e+03
3.254000000000000000e+03
3.456000000000000000e+03
3.261000000000000000e+03
3.457000000000000000e+03
3.271000000000000000e+03
3.459000000000000000e+03
3.249000000000000000e+03
3.461000000000000000e+03
3.263000000000000000e+03
3.462000000000000000e+03
3.266000000000000000e+03
3.463000000000000000e+03
3.280000000000000000e+03
3.464000000000000000e+03
3.284000000000000000e+03
3.465000000000000000e+03
3.267000000000000000e+03
3.466000000000000000e+03
3.268000000000000000e+03
3.467000000000000000e+03
3.283000000000000000e+03
3.469000000000000000e+03
3.289000000000000000e+03
3.470000000000000000e+03
3.265000000000000000e+03
3.471000000000000000e+03
3.278000000000000000e+03
3.472000000000000000e+03
3.287000000000000000e+03
3.474000000000000000e+03
3.251000000000000000e+03
3.475000000000000000e+03
3.252000000000000000e+03
3.478000000000000000e+03
3.292000000000000000e+03
3.479000000000000000e+03
3.285000000000000000e+03
3.480000000000000000e+03
3.299000000000000000e+03
3.481000000000000000e+03
3.309000000000000000e+03
3.482000000000000000e+03
3.304000000000000000e+03
3.483000000000000000e+03
3.308000000000000000e+03
3.486000000000000000e+03
3.282000000000000000e+03
3.487000000000000000e+03
3.306000000000000000e+03
3.488000000000000000e+03
3.307000000000000000e+03
3.491000000000000000e+03
3.311000000000000000e+03
3.492000000000000000e+03
3.281000000000000000e+03
3.493000000000000000e+03
3.317000000000000000e+03
3.496000000000000000e+03
3.313000000000000000e+03
3.499000000000000000e+03
3.296000000000000000e+03
3.500000000000000000e+03
3.297000000000000000e+03
3.502000000000000000e+03
3.312000000000000000e+03
3.503000000000000000e+03
3.303000000000000000e+03
3.504000000000000000e+03
3.302000000000000000e+03
3.505000000000000000e+03
3.301000000000000000e+03
3.506000000000000000e+03
3.300000000000000000e+03
3.507000000000000000e+03
3.326000000000000000e+03
3.508000000000000000e+03
3.325000000000000000e+03
3.512000000000000000e+03
3.333000000000000000e+03
3.513000000000000000e+03
3.322000000000000000e+03
3.514000000000000000e+03
3.323000000000000000e+03
3.521000000000000000e+03
3.330000000000000000e+03
3.522000000000000000e+03
3.331000000000000000e+03
3.523000000000000000e+03
3.335000000000000000e+03
3.524000000000000000e+03
3.336000000000000000e+03
3.529000000000000000e+03
3.349000000000000000e+03
3.530000000000000000e+03
3.343000000000000000e+03
3.531000000000000000e+03
3.344000000000000000e+03
3.532000000000000000e+03
5.350000000000000000e+03
3.533000000000000000e+03
3.372000000000000000e+03
3.534000000000000000e+03
3.352000000000000000e+03
3.535000000000000000e+03
3.355000000000000000e+03
3.540000000000000000e+03
3.377000000000000000e+03
3.544000000000000000e+03
3.364000000000000000e+03
3.550000000000000000e+03
3.378000000000000000e+03
3.554000000000000000e+03
3.390000000000000000e+03
3.555000000000000000e+03
3.391000000000000000e+03
3.559000000000000000e+03
3.381000000000000000e+03
3.560000000000000000e+03
3.380000000000000000e+03
3.565000000000000000e+03
3.410000000000000000e+03
3.566000000000000000e+03
3.409000000000000000e+03
3.573000000000000000e+03
3.427000000000000000e+03
3.578000000000000000e+03
3.426000000000000000e+03
3.580000000000000000e+03
3.429000000000000000e+03
3.581000000000000000e+03
3.431000000000000000e+03
3.600000000000000000e+03
3.463000000000000000e+03
3.604000000000000000e+03
3.471000000000000000e+03
3.613000000000000000e+03
3.482000000000000000e+03
3.614000000000000000e+03
3.466000000000000000e+03
3.623000000000000000e+03
3.494000000000000000e+03
3.632000000000000000e+03
3.481000000000000000e+03
3.637000000000000000e+03
3.514000000000000000e+03
3.646000000000000000e+03
3.487000000000000000e+03
3.649000000000000000e+03
5.460000000000000000e+03
3.661000000000000000e+03
3.507000000000000000e+03
3.663000000000000000e+03
3.533000000000000000e+03
3.667000000000000000e+03
3.529000000000000000e+03
3.684000000000000000e+03
3.559000000000000000e+03
3.686000000000000000e+03
5.485000000000000000e+03
3.690000000000000000e+03
3.566000000000000000e+03
3.695000000000000000e+03
3.538000000000000000e+03
3.697000000000000000e+03
3.567000000000000000e+03
3.698000000000000000e+03
3.537000000000000000e+03
3.700000000000000000e+03
5.478000000000000000e+03
3.701000000000000000e+03
3.558000000000000000e+03
3.702000000000000000e+03
5.492000000000000000e+03
3.950000000000000000e+03
3.668000000000000000e+03
3.951000000000000000e+03
3.669000000000000000e+03
3.957000000000000000e+03
3.752000000000000000e+03
3.978000000000000000e+03
5.578000000000000000e+03
3.999000000000000000e+03
3.722000000000000000e+03
4.113000000000000000e+03
3.903000000000000000e+03
4.148000000000000000e+03
3.939000000000000000e+03
4.183000000000000000e+03
3.961000000000000000e+03
4.191000000000000000e+03
3.984000000000000000e+03
4.192000000000000000e+03
3.974000000000000000e+03
4.193000000000000000e+03
3.975000000000000000e+03
4.194000000000000000e+03
3.971000000000000000e+03
4.196000000000000000e+03
3.991000000000000000e+03
4.198000000000000000e+03
3.982000000000000000e+03
4.239000000000000000e+03
4.037000000000000000e+03
4.253000000000000000e+03
4.084000000000000000e+03
4.255000000000000000e+03
4.062000000000000000e+03
4.256000000000000000e+03
4.075000000000000000e+03
4.261000000000000000e+03
4.109000000000000000e+03
4.262000000000000000e+03
4.105000000000000000e+03
4.263000000000000000e+03
4.076000000000000000e+03
4.264000000000000000e+03
4.111000000000000000e+03
4.265000000000000000e+03
4.112000000000000000e+03
4.278000000000000000e+03
4.131000000000000000e+03
4.303000000000000000e+03
4.157000000000000000e+03
4.304000000000000000e+03
4.134000000000000000e+03
4.321000000000000000e+03
5.823000000000000000e+03
4.355000000000000000e+03
4.192000000000000000e+03
4.361000000000000000e+03
3.870000000000000000e+03
4.374000000000000000e+03
4.198000000000000000e+03
4.383000000000000000e+03
4.205000000000000000e+03
4.406000000000000000e+03
4.231000000000000000e+03
4.407000000000000000e+03
4.228000000000000000e+03
4.408000000000000000e+03
4.229000000000000000e+03
4.409000000000000000e+03
4.235000000000000000e+03
4.424000000000000000e+03
4.252000000000000000e+03
4.425000000000000000e+03
4.249000000000000000e+03
4.426000000000000000e+03
4.246000000000000000e+03
4.427000000000000000e+03
4.236000000000000000e+03
4.470000000000000000e+03
4.304000000000000000e+03
4.481000000000000000e+03
4.334000000000000000e+03
4.525000000000000000e+03
4.344000000000000000e+03
4.553000000000000000e+03
4.373000000000000000e+03
4.554000000000000000e+03
4.374000000000000000e+03
4.606000000000000000e+03
4.448000000000000000e+03
4.607000000000000000e+03
5.986000000000000000e+03
4.608000000000000000e+03
5.987000000000000000e+03
4.619000000000000000e+03
4.407000000000000000e+03
4.687000000000000000e+03
4.485000000000000000e+03
4.710000000000000000e+03
4.563000000000000000e+03
4.735000000000000000e+03
4.572000000000000000e+03
4.753000000000000000e+03
4.590000000000000000e+03
4.754000000000000000e+03
4.591000000000000000e+03
4.755000000000000000e+03
4.592000000000000000e+03
4.756000000000000000e+03
4.593000000000000000e+03
4.782000000000000000e+03
6.131000000000000000e+03
4.783000000000000000e+03
6.132000000000000000e+03
4.787000000000000000e+03
6.133000000000000000e+03
4.807000000000000000e+03
4.645000000000000000e+03
4.808000000000000000e+03
4.646000000000000000e+03
4.814000000000000000e+03
4.663000000000000000e+03
4.817000000000000000e+03
4.666000000000000000e+03
4.850000000000000000e+03
4.714000000000000000e+03
4.866000000000000000e+03
4.734000000000000000e+03
4.870000000000000000e+03
4.757000000000000000e+03
4.890000000000000000e+03
4.772000000000000000e+03
4.918000000000000000e+03
4.810000000000000000e+03
4.921000000000000000e+03
4.823000000000000000e+03
4.922000000000000000e+03
4.822000000000000000e+03
4.923000000000000000e+03
4.815000000000000000e+03
4.934000000000000000e+03
4.816000000000000000e+03
4.935000000000000000e+03
4.818000000000000000e+03
4.941000000000000000e+03
2.066000000000000000e+03
4.947000000000000000e+03
4.845000000000000000e+03
4.948000000000000000e+03
4.846000000000000000e+03
4.954000000000000000e+03
4.879000000000000000e+03
4.967000000000000000e+03
4.881000000000000000e+03
4.970000000000000000e+03
4.882000000000000000e+03
4.973000000000000000e+03
4.889000000000000000e+03
4.977000000000000000e+03
4.903000000000000000e+03
4.979000000000000000e+03
4.904000000000000000e+03
4.980000000000000000e+03
4.905000000000000000e+03
4.984000000000000000e+03
4.914000000000000000e+03
4.985000000000000000e+03
2.137000000000000000e+03
4.986000000000000000e+03
4.892000000000000000e+03
4.990000000000000000e+03
6.315000000000000000e+03
4.991000000000000000e+03
6.314000000000000000e+03
4.995000000000000000e+03
4.909000000000000000e+03
4.996000000000000000e+03
4.910000000000000000e+03
5.003000000000000000e+03
4.921000000000000000e+03
5.004000000000000000e+03
4.925000000000000000e+03
5.008000000000000000e+03
4.923000000000000000e+03
5.012000000000000000e+03
4.926000000000000000e+03
5.015000000000000000e+03
4.944000000000000000e+03
5.016000000000000000e+03
4.945000000000000000e+03
5.017000000000000000e+03
4.930000000000000000e+03
5.021000000000000000e+03
4.958000000000000000e+03
5.022000000000000000e+03
2.222000000000000000e+03
5.025000000000000000e+03
4.946000000000000000e+03
5.026000000000000000e+03
4.935000000000000000e+03
5.027000000000000000e+03
4.936000000000000000e+03
5.030000000000000000e+03
4.942000000000000000e+03
5.031000000000000000e+03
4.943000000000000000e+03
5.032000000000000000e+03
4.953000000000000000e+03
5.033000000000000000e+03
4.954000000000000000e+03
5.036000000000000000e+03
2.257000000000000000e+03
5.037000000000000000e+03
2.227000000000000000e+03
5.044000000000000000e+03
4.959000000000000000e+03
5.046000000000000000e+03
6.341000000000000000e+03
5.053000000000000000e+03
4.968000000000000000e+03
5.055000000000000000e+03
4.972000000000000000e+03
5.056000000000000000e+03
4.973000000000000000e+03
5.059000000000000000e+03
4.981000000000000000e+03
5.062000000000000000e+03
4.983000000000000000e+03
5.063000000000000000e+03
4.991000000000000000e+03
5.064000000000000000e+03
4.984000000000000000e+03
5.065000000000000000e+03
4.993000000000000000e+03
5.067000000000000000e+03
2.323000000000000000e+03
5.069000000000000000e+03
4.995000000000000000e+03
5.076000000000000000e+03
4.994000000000000000e+03
5.077000000000000000e+03
6.362000000000000000e+03
5.078000000000000000e+03
4.997000000000000000e+03
5.080000000000000000e+03
5.001000000000000000e+03
5.081000000000000000e+03
5.007000000000000000e+03
5.084000000000000000e+03
5.008000000000000000e+03
5.085000000000000000e+03
5.009000000000000000e+03
5.086000000000000000e+03
5.006000000000000000e+03
5.090000000000000000e+03
2.410000000000000000e+03
5.092000000000000000e+03
5.015000000000000000e+03
5.093000000000000000e+03
5.021000000000000000e+03
5.094000000000000000e+03
5.019000000000000000e+03
5.095000000000000000e+03
5.016000000000000000e+03
5.101000000000000000e+03
5.024000000000000000e+03
5.104000000000000000e+03
5.025000000000000000e+03
5.106000000000000000e+03
5.027000000000000000e+03
5.108000000000000000e+03
5.031000000000000000e+03
5.109000000000000000e+03
5.030000000000000000e+03
5.111000000000000000e+03
5.033000000000000000e+03
5.112000000000000000e+03
5.034000000000000000e+03
5.114000000000000000e+03
5.042000000000000000e+03
5.115000000000000000e+03
5.035000000000000000e+03
5.116000000000000000e+03
5.036000000000000000e+03
5.117000000000000000e+03
5.037000000000000000e+03
5.118000000000000000e+03
5.038000000000000000e+03
5.119000000000000000e+03
5.039000000000000000e+03
5.120000000000000000e+03
5.044000000000000000e+03
5.121000000000000000e+03
5.041000000000000000e+03
5.125000000000000000e+03
5.045000000000000000e+03
5.126000000000000000e+03
5.048000000000000000e+03
5.127000000000000000e+03
5.049000000000000000e+03
5.128000000000000000e+03
5.046000000000000000e+03
5.129000000000000000e+03
5.055000000000000000e+03
5.133000000000000000e+03
5.053000000000000000e+03
5.134000000000000000e+03
5.052000000000000000e+03
5.135000000000000000e+03
5.054000000000000000e+03
5.142000000000000000e+03
5.059000000000000000e+03
5.143000000000000000e+03
5.064000000000000000e+03
5.146000000000000000e+03
2.496000000000000000e+03
5.151000000000000000e+03
5.065000000000000000e+03
5.155000000000000000e+03
2.519000000000000000e+03
5.157000000000000000e+03
2.513000000000000000e+03
5.160000000000000000e+03
5.073000000000000000e+03
5.161000000000000000e+03
6.401000000000000000e+03
5.163000000000000000e+03
2.539000000000000000e+03
5.166000000000000000e+03
5.075000000000000000e+03
5.167000000000000000e+03
5.074000000000000000e+03
5.171000000000000000e+03
5.076000000000000000e+03
5.174000000000000000e+03
5.083000000000000000e+03
5.177000000000000000e+03
5.078000000000000000e+03
5.182000000000000000e+03
5.086000000000000000e+03
5.185000000000000000e+03
5.087000000000000000e+03
5.188000000000000000e+03
5.090000000000000000e+03
5.189000000000000000e+03
5.095000000000000000e+03
5.190000000000000000e+03
2.570000000000000000e+03
5.227000000000000000e+03
5.116000000000000000e+03
5.229000000000000000e+03
5.119000000000000000e+03
5.230000000000000000e+03
5.120000000000000000e+03
5.233000000000000000e+03
2.639000000000000000e+03
5.234000000000000000e+03
5.125000000000000000e+03
5.236000000000000000e+03
5.128000000000000000e+03
5.240000000000000000e+03
6.447000000000000000e+03
5.246000000000000000e+03
5.142000000000000000e+03
5.248000000000000000e+03
5.143000000000000000e+03
5.249000000000000000e+03
5.145000000000000000e+03
5.254000000000000000e+03
5.148000000000000000e+03
5.256000000000000000e+03
6.453000000000000000e+03
5.257000000000000000e+03
5.152000000000000000e+03
5.259000000000000000e+03
5.154000000000000000e+03
5.260000000000000000e+03
5.155000000000000000e+03
5.261000000000000000e+03
5.156000000000000000e+03
5.268000000000000000e+03
5.159000000000000000e+03
5.271000000000000000e+03
5.160000000000000000e+03
5.272000000000000000e+03
5.161000000000000000e+03
5.273000000000000000e+03
5.162000000000000000e+03
5.274000000000000000e+03
5.165000000000000000e+03
5.275000000000000000e+03
5.166000000000000000e+03
5.279000000000000000e+03
6.459000000000000000e+03
5.281000000000000000e+03
5.168000000000000000e+03
5.294000000000000000e+03
5.175000000000000000e+03
5.297000000000000000e+03
6.470000000000000000e+03
5.299000000000000000e+03
5.177000000000000000e+03
5.307000000000000000e+03
5.188000000000000000e+03
5.314000000000000000e+03
5.200000000000000000e+03
5.316000000000000000e+03
5.205000000000000000e+03
5.317000000000000000e+03
5.206000000000000000e+03
5.318000000000000000e+03
5.202000000000000000e+03
5.319000000000000000e+03
5.203000000000000000e+03
5.321000000000000000e+03
5.204000000000000000e+03
5.323000000000000000e+03
5.208000000000000000e+03
5.324000000000000000e+03
6.490000000000000000e+03
5.332000000000000000e+03
5.218000000000000000e+03
5.338000000000000000e+03
5.225000000000000000e+03
5.340000000000000000e+03
2.944000000000000000e+03
5.341000000000000000e+03
5.222000000000000000e+03
5.343000000000000000e+03
5.231000000000000000e+03
5.346000000000000000e+03
5.226000000000000000e+03
5.347000000000000000e+03
5.232000000000000000e+03
5.348000000000000000e+03
5.230000000000000000e+03
5.349000000000000000e+03
5.234000000000000000e+03
5.350000000000000000e+03
5.233000000000000000e+03
5.352000000000000000e+03
5.236000000000000000e+03
5.353000000000000000e+03
5.240000000000000000e+03
5.356000000000000000e+03
5.242000000000000000e+03
5.359000000000000000e+03
5.245000000000000000e+03
5.360000000000000000e+03
3.024000000000000000e+03
5.366000000000000000e+03
5.252000000000000000e+03
5.367000000000000000e+03
5.253000000000000000e+03
5.368000000000000000e+03
5.254000000000000000e+03
5.370000000000000000e+03
5.257000000000000000e+03
5.372000000000000000e+03
5.255000000000000000e+03
5.378000000000000000e+03
5.264000000000000000e+03
5.382000000000000000e+03
5.263000000000000000e+03
5.384000000000000000e+03
5.262000000000000000e+03
5.385000000000000000e+03
6.526000000000000000e+03
5.386000000000000000e+03
5.272000000000000000e+03
5.387000000000000000e+03
5.273000000000000000e+03
5.390000000000000000e+03
3.152000000000000000e+03
5.396000000000000000e+03
5.275000000000000000e+03
5.397000000000000000e+03
5.283000000000000000e+03
5.398000000000000000e+03
5.278000000000000000e+03
5.400000000000000000e+03
5.280000000000000000e+03
5.401000000000000000e+03
5.279000000000000000e+03
5.402000000000000000e+03
5.292000000000000000e+03
5.405000000000000000e+03
5.302000000000000000e+03
5.406000000000000000e+03
5.303000000000000000e+03
5.409000000000000000e+03
5.307000000000000000e+03
5.410000000000000000e+03
5.304000000000000000e+03
5.411000000000000000e+03
5.301000000000000000e+03
5.412000000000000000e+03
5.306000000000000000e+03
5.418000000000000000e+03
5.317000000000000000e+03
5.419000000000000000e+03
5.318000000000000000e+03
5.420000000000000000e+03
5.320000000000000000e+03
5.421000000000000000e+03
5.311000000000000000e+03
5.422000000000000000e+03
5.310000000000000000e+03
5.423000000000000000e+03
5.321000000000000000e+03
5.424000000000000000e+03
5.322000000000000000e+03
5.425000000000000000e+03
5.324000000000000000e+03
5.426000000000000000e+03
5.314000000000000000e+03
5.427000000000000000e+03
5.315000000000000000e+03
5.429000000000000000e+03
5.323000000000000000e+03
5.432000000000000000e+03
5.326000000000000000e+03
5.433000000000000000e+03
5.325000000000000000e+03
5.434000000000000000e+03
5.332000000000000000e+03
5.436000000000000000e+03
5.335000000000000000e+03
5.437000000000000000e+03
5.338000000000000000e+03
5.438000000000000000e+03
5.339000000000000000e+03
5.440000000000000000e+03
5.333000000000000000e+03
5.441000000000000000e+03
5.334000000000000000e+03
5.445000000000000000e+03
5.343000000000000000e+03
5.446000000000000000e+03
5.344000000000000000e+03
5.453000000000000000e+03
5.342000000000000000e+03
5.458000000000000000e+03
5.352000000000000000e+03
5.460000000000000000e+03
5.362000000000000000e+03
5.464000000000000000e+03
5.371000000000000000e+03
5.465000000000000000e+03
5.361000000000000000e+03
5.473000000000000000e+03
6.569000000000000000e+03
5.483000000000000000e+03
5.391000000000000000e+03
5.484000000000000000e+03
5.392000000000000000e+03
5.486000000000000000e+03
5.398000000000000000e+03
5.487000000000000000e+03
5.397000000000000000e+03
5.488000000000000000e+03
5.381000000000000000e+03
5.492000000000000000e+03
5.412000000000000000e+03
5.497000000000000000e+03
3.439000000000000000e+03
5.507000000000000000e+03
5.400000000000000000e+03
5.508000000000000000e+03
5.399000000000000000e+03
5.510000000000000000e+03
3.450000000000000000e+03
5.513000000000000000e+03
5.409000000000000000e+03
5.516000000000000000e+03
5.434000000000000000e+03
5.517000000000000000e+03
5.436000000000000000e+03
5.518000000000000000e+03
5.435000000000000000e+03
5.524000000000000000e+03
5.415000000000000000e+03
5.525000000000000000e+03
5.427000000000000000e+03
5.529000000000000000e+03
5.463000000000000000e+03
5.541000000000000000e+03
5.468000000000000000e+03
5.542000000000000000e+03
6.598000000000000000e+03
5.544000000000000000e+03
5.450000000000000000e+03
5.545000000000000000e+03
5.449000000000000000e+03
5.554000000000000000e+03
3.511000000000000000e+03
5.558000000000000000e+03
5.483000000000000000e+03
5.561000000000000000e+03
5.475000000000000000e+03
5.564000000000000000e+03
5.467000000000000000e+03
5.568000000000000000e+03
5.479000000000000000e+03
5.569000000000000000e+03
6.610000000000000000e+03
5.698000000000000000e+03
5.536000000000000000e+03
5.701000000000000000e+03
5.581000000000000000e+03
5.702000000000000000e+03
5.580000000000000000e+03
5.705000000000000000e+03
6.637000000000000000e+03
5.718000000000000000e+03
5.605000000000000000e+03
5.739000000000000000e+03
5.618000000000000000e+03
5.756000000000000000e+03
6.658000000000000000e+03
5.783000000000000000e+03
6.679000000000000000e+03
5.805000000000000000e+03
5.653000000000000000e+03
5.868000000000000000e+03
5.730000000000000000e+03
5.883000000000000000e+03
5.756000000000000000e+03
5.884000000000000000e+03
5.757000000000000000e+03
5.892000000000000000e+03
5.749000000000000000e+03
5.899000000000000000e+03
5.758000000000000000e+03
5.901000000000000000e+03
5.764000000000000000e+03
5.919000000000000000e+03
5.779000000000000000e+03
5.927000000000000000e+03
5.794000000000000000e+03
5.936000000000000000e+03
6.819000000000000000e+03
5.955000000000000000e+03
5.842000000000000000e+03
5.980000000000000000e+03
5.863000000000000000e+03
5.983000000000000000e+03
5.862000000000000000e+03
5.993000000000000000e+03
5.874000000000000000e+03
6.002000000000000000e+03
5.872000000000000000e+03
6.027000000000000000e+03
5.909000000000000000e+03
6.028000000000000000e+03
5.908000000000000000e+03
6.030000000000000000e+03
6.892000000000000000e+03
6.045000000000000000e+03
5.931000000000000000e+03
6.056000000000000000e+03
5.930000000000000000e+03
6.058000000000000000e+03
5.940000000000000000e+03
6.059000000000000000e+03
5.932000000000000000e+03
6.060000000000000000e+03
4.330000000000000000e+03
6.093000000000000000e+03
5.985000000000000000e+03
6.101000000000000000e+03
5.993000000000000000e+03
6.102000000000000000e+03
5.994000000000000000e+03
6.128000000000000000e+03
2.035000000000000000e+03
6.187000000000000000e+03
4.576000000000000000e+03
6.188000000000000000e+03
4.575000000000000000e+03
6.244000000000000000e+03
4.679000000000000000e+03
6.262000000000000000e+03
8.053000000000000000e+03
6.265000000000000000e+03
4.749000000000000000e+03
6.270000000000000000e+03
6.219000000000000000e+03
6.271000000000000000e+03
6.218000000000000000e+03
6.273000000000000000e+03
6.220000000000000000e+03
6.274000000000000000e+03
6.227000000000000000e+03
6.278000000000000000e+03
6.230000000000000000e+03
6.282000000000000000e+03
6.244000000000000000e+03
6.288000000000000000e+03
6.255000000000000000e+03
6.289000000000000000e+03
6.256000000000000000e+03
6.290000000000000000e+03
6.251000000000000000e+03
6.291000000000000000e+03
6.252000000000000000e+03
6.292000000000000000e+03
6.248000000000000000e+03
6.294000000000000000e+03
4.832000000000000000e+03
6.295000000000000000e+03
6.259000000000000000e+03
6.299000000000000000e+03
6.264000000000000000e+03
6.307000000000000000e+03
6.267000000000000000e+03
6.308000000000000000e+03
6.268000000000000000e+03
6.312000000000000000e+03
6.289000000000000000e+03
6.313000000000000000e+03
6.290000000000000000e+03
6.315000000000000000e+03
6.291000000000000000e+03
6.321000000000000000e+03
6.293000000000000000e+03
6.324000000000000000e+03
6.294000000000000000e+03
6.328000000000000000e+03
6.299000000000000000e+03
6.334000000000000000e+03
4.917000000000000000e+03
6.335000000000000000e+03
6.309000000000000000e+03
6.341000000000000000e+03
6.327000000000000000e+03
6.343000000000000000e+03
6.320000000000000000e+03
6.344000000000000000e+03
6.324000000000000000e+03
6.347000000000000000e+03
4.929000000000000000e+03
6.348000000000000000e+03
7.128000000000000000e+03
6.355000000000000000e+03
4.949000000000000000e+03
6.356000000000000000e+03
4.950000000000000000e+03
6.357000000000000000e+03
6.332000000000000000e+03
6.359000000000000000e+03
6.335000000000000000e+03
6.366000000000000000e+03
6.349000000000000000e+03
6.367000000000000000e+03
6.350000000000000000e+03
6.368000000000000000e+03
6.353000000000000000e+03
6.369000000000000000e+03
6.354000000000000000e+03
6.372000000000000000e+03
6.352000000000000000e+03
6.374000000000000000e+03
5.005000000000000000e+03
6.377000000000000000e+03
6.359000000000000000e+03
6.379000000000000000e+03
6.361000000000000000e+03
6.380000000000000000e+03
6.365000000000000000e+03
6.381000000000000000e+03
6.367000000000000000e+03
6.382000000000000000e+03
6.366000000000000000e+03
6.384000000000000000e+03
6.369000000000000000e+03
6.385000000000000000e+03
6.370000000000000000e+03
6.387000000000000000e+03
6.371000000000000000e+03
6.388000000000000000e+03
6.375000000000000000e+03
6.390000000000000000e+03
5.028000000000000000e+03
6.391000000000000000e+03
5.029000000000000000e+03
6.398000000000000000e+03
5.050000000000000000e+03
6.400000000000000000e+03
6.381000000000000000e+03
6.402000000000000000e+03
6.386000000000000000e+03
6.405000000000000000e+03
6.387000000000000000e+03
6.407000000000000000e+03
6.388000000000000000e+03
6.408000000000000000e+03
6.389000000000000000e+03
6.412000000000000000e+03
6.393000000000000000e+03
6.413000000000000000e+03
6.394000000000000000e+03
6.421000000000000000e+03
6.405000000000000000e+03
6.424000000000000000e+03
6.407000000000000000e+03
6.425000000000000000e+03
6.408000000000000000e+03
6.426000000000000000e+03
5.079000000000000000e+03
6.427000000000000000e+03
6.410000000000000000e+03
6.434000000000000000e+03
6.415000000000000000e+03
6.435000000000000000e+03
6.416000000000000000e+03
6.436000000000000000e+03
6.418000000000000000e+03
6.437000000000000000e+03
6.419000000000000000e+03
6.439000000000000000e+03
6.421000000000000000e+03
6.441000000000000000e+03
6.423000000000000000e+03
6.442000000000000000e+03
6.424000000000000000e+03
6.447000000000000000e+03
6.435000000000000000e+03
6.454000000000000000e+03
6.439000000000000000e+03
6.459000000000000000e+03
6.443000000000000000e+03
6.460000000000000000e+03
6.444000000000000000e+03
6.461000000000000000e+03
5.130000000000000000e+03
6.465000000000000000e+03
5.136000000000000000e+03
6.467000000000000000e+03
7.201000000000000000e+03
6.469000000000000000e+03
6.454000000000000000e+03
6.470000000000000000e+03
6.457000000000000000e+03
6.487000000000000000e+03
6.476000000000000000e+03
6.488000000000000000e+03
6.477000000000000000e+03
6.496000000000000000e+03
6.479000000000000000e+03
6.497000000000000000e+03
6.480000000000000000e+03
6.500000000000000000e+03
6.488000000000000000e+03
6.502000000000000000e+03
6.491000000000000000e+03
6.503000000000000000e+03
6.495000000000000000e+03
6.506000000000000000e+03
6.494000000000000000e+03
6.507000000000000000e+03
6.496000000000000000e+03
6.508000000000000000e+03
6.498000000000000000e+03
6.510000000000000000e+03
6.503000000000000000e+03
6.521000000000000000e+03
6.510000000000000000e+03
6.529000000000000000e+03
6.511000000000000000e+03
6.532000000000000000e+03
6.515000000000000000e+03
6.533000000000000000e+03
6.516000000000000000e+03
6.538000000000000000e+03
6.529000000000000000e+03
6.541000000000000000e+03
6.533000000000000000e+03
6.546000000000000000e+03
5.319000000000000000e+03
6.547000000000000000e+03
5.328000000000000000e+03
6.548000000000000000e+03
6.543000000000000000e+03
6.549000000000000000e+03
6.542000000000000000e+03
6.550000000000000000e+03
6.545000000000000000e+03
6.553000000000000000e+03
6.549000000000000000e+03
6.563000000000000000e+03
6.557000000000000000e+03
6.564000000000000000e+03
6.558000000000000000e+03
6.573000000000000000e+03
6.562000000000000000e+03
6.576000000000000000e+03
5.354000000000000000e+03
6.584000000000000000e+03
7.278000000000000000e+03
6.589000000000000000e+03
6.572000000000000000e+03
6.595000000000000000e+03
6.580000000000000000e+03
6.596000000000000000e+03
6.579000000000000000e+03
6.598000000000000000e+03
6.575000000000000000e+03
6.600000000000000000e+03
7.291000000000000000e+03
6.603000000000000000e+03
7.304000000000000000e+03
6.604000000000000000e+03
6.593000000000000000e+03
6.606000000000000000e+03
6.583000000000000000e+03
6.613000000000000000e+03
6.585000000000000000e+03
6.614000000000000000e+03
6.584000000000000000e+03
6.615000000000000000e+03
6.603000000000000000e+03
6.616000000000000000e+03
6.604000000000000000e+03
6.619000000000000000e+03
6.595000000000000000e+03
6.620000000000000000e+03
6.594000000000000000e+03
6.624000000000000000e+03
6.606000000000000000e+03
6.625000000000000000e+03
6.605000000000000000e+03
6.628000000000000000e+03
5.446000000000000000e+03
6.632000000000000000e+03
5.489000000000000000e+03
6.636000000000000000e+03
7.312000000000000000e+03
6.639000000000000000e+03
6.608000000000000000e+03
6.642000000000000000e+03
6.611000000000000000e+03
6.721000000000000000e+03
6.628000000000000000e+03
6.722000000000000000e+03
6.629000000000000000e+03
6.723000000000000000e+03
5.531000000000000000e+03
6.743000000000000000e+03
6.686000000000000000e+03
6.772000000000000000e+03
6.715000000000000000e+03
6.805000000000000000e+03
6.747000000000000000e+03
6.836000000000000000e+03
6.784000000000000000e+03
6.845000000000000000e+03
6.795000000000000000e+03
6.854000000000000000e+03
6.815000000000000000e+03
6.858000000000000000e+03
6.822000000000000000e+03
6.859000000000000000e+03
6.823000000000000000e+03
6.865000000000000000e+03
6.839000000000000000e+03
6.920000000000000000e+03
6.874000000000000000e+03
6.921000000000000000e+03
6.872000000000000000e+03
6.923000000000000000e+03
6.882000000000000000e+03
6.961000000000000000e+03
6.915000000000000000e+03
6.986000000000000000e+03
6.941000000000000000e+03
7.071000000000000000e+03
7.031000000000000000e+03
7.072000000000000000e+03
7.033000000000000000e+03
7.073000000000000000e+03
7.034000000000000000e+03
7.099000000000000000e+03
7.073000000000000000e+03
7.103000000000000000e+03
7.076000000000000000e+03
7.118000000000000000e+03
6.288000000000000000e+03
7.123000000000000000e+03
7.098000000000000000e+03
7.124000000000000000e+03
7.093000000000000000e+03
7.130000000000000000e+03
7.107000000000000000e+03
7.132000000000000000e+03
7.115000000000000000e+03
7.133000000000000000e+03
7.116000000000000000e+03
7.144000000000000000e+03
7.127000000000000000e+03
7.152000000000000000e+03
6.330000000000000000e+03
7.158000000000000000e+03
7.133000000000000000e+03
7.163000000000000000e+03
7.136000000000000000e+03
7.164000000000000000e+03
6.355000000000000000e+03
7.166000000000000000e+03
7.140000000000000000e+03
7.167000000000000000e+03
7.138000000000000000e+03
7.169000000000000000e+03
7.143000000000000000e+03
7.173000000000000000e+03
7.144000000000000000e+03
7.174000000000000000e+03
7.146000000000000000e+03
7.175000000000000000e+03
7.147000000000000000e+03
7.178000000000000000e+03
7.625000000000000000e+03
7.181000000000000000e+03
7.149000000000000000e+03
7.184000000000000000e+03
7.156000000000000000e+03
7.185000000000000000e+03
7.155000000000000000e+03
7.198000000000000000e+03
7.174000000000000000e+03
7.217000000000000000e+03
7.192000000000000000e+03
7.224000000000000000e+03
7.199000000000000000e+03
7.225000000000000000e+03
7.200000000000000000e+03
7.227000000000000000e+03
7.204000000000000000e+03
7.228000000000000000e+03
7.205000000000000000e+03
7.234000000000000000e+03
7.208000000000000000e+03
7.236000000000000000e+03
7.209000000000000000e+03
7.237000000000000000e+03
7.211000000000000000e+03
7.238000000000000000e+03
7.212000000000000000e+03
7.241000000000000000e+03
7.215000000000000000e+03
7.247000000000000000e+03
7.221000000000000000e+03
7.249000000000000000e+03
7.224000000000000000e+03
7.250000000000000000e+03
7.227000000000000000e+03
7.254000000000000000e+03
6.506000000000000000e+03
7.255000000000000000e+03
7.233000000000000000e+03
7.257000000000000000e+03
7.232000000000000000e+03
7.261000000000000000e+03
7.686000000000000000e+03
7.266000000000000000e+03
7.251000000000000000e+03
7.267000000000000000e+03
7.254000000000000000e+03
7.269000000000000000e+03
7.257000000000000000e+03
7.271000000000000000e+03
7.259000000000000000e+03
7.272000000000000000e+03
7.260000000000000000e+03
7.274000000000000000e+03
7.261000000000000000e+03
7.281000000000000000e+03
6.559000000000000000e+03
7.284000000000000000e+03
8.145000000000000000e+03
7.285000000000000000e+03
7.271000000000000000e+03
7.286000000000000000e+03
7.270000000000000000e+03
7.294000000000000000e+03
7.280000000000000000e+03
7.295000000000000000e+03
7.281000000000000000e+03
7.296000000000000000e+03
7.282000000000000000e+03
7.303000000000000000e+03
7.290000000000000000e+03
7.308000000000000000e+03
7.730000000000000000e+03
7.309000000000000000e+03
7.288000000000000000e+03
7.310000000000000000e+03
7.302000000000000000e+03
7.311000000000000000e+03
6.589000000000000000e+03
7.312000000000000000e+03
7.295000000000000000e+03
7.315000000000000000e+03
7.306000000000000000e+03
7.360000000000000000e+03
7.341000000000000000e+03
7.361000000000000000e+03
7.342000000000000000e+03
7.366000000000000000e+03
7.752000000000000000e+03
7.490000000000000000e+03
7.810000000000000000e+03
7.496000000000000000e+03
7.471000000000000000e+03
7.535000000000000000e+03
7.502000000000000000e+03
7.555000000000000000e+03
7.529000000000000000e+03
7.603000000000000000e+03
7.597000000000000000e+03
7.604000000000000000e+03
7.598000000000000000e+03
7.605000000000000000e+03
7.599000000000000000e+03
7.608000000000000000e+03
7.615000000000000000e+03
7.609000000000000000e+03
7.614000000000000000e+03
7.615000000000000000e+03
7.616000000000000000e+03
7.617000000000000000e+03
7.624000000000000000e+03
7.622000000000000000e+03
7.629000000000000000e+03
7.623000000000000000e+03
7.630000000000000000e+03
7.638000000000000000e+03
7.648000000000000000e+03
7.641000000000000000e+03
7.651000000000000000e+03
7.643000000000000000e+03
7.187000000000000000e+03
7.644000000000000000e+03
7.653000000000000000e+03
7.650000000000000000e+03
7.661000000000000000e+03
7.661000000000000000e+03
7.667000000000000000e+03
7.665000000000000000e+03
7.955000000000000000e+03
7.666000000000000000e+03
7.671000000000000000e+03
7.667000000000000000e+03
7.673000000000000000e+03
7.669000000000000000e+03
7.674000000000000000e+03
7.670000000000000000e+03
7.223000000000000000e+03
7.671000000000000000e+03
7.678000000000000000e+03
7.672000000000000000e+03
7.679000000000000000e+03
7.677000000000000000e+03
7.682000000000000000e+03
7.678000000000000000e+03
7.683000000000000000e+03
7.681000000000000000e+03
7.692000000000000000e+03
7.684000000000000000e+03
7.700000000000000000e+03
7.687000000000000000e+03
7.702000000000000000e+03
7.688000000000000000e+03
7.703000000000000000e+03
7.691000000000000000e+03
7.706000000000000000e+03
7.694000000000000000e+03
7.264000000000000000e+03
7.695000000000000000e+03
7.704000000000000000e+03
7.696000000000000000e+03
7.707000000000000000e+03
7.700000000000000000e+03
7.709000000000000000e+03
7.701000000000000000e+03
7.712000000000000000e+03
7.702000000000000000e+03
7.715000000000000000e+03
7.711000000000000000e+03
7.723000000000000000e+03
7.713000000000000000e+03
7.999000000000000000e+03
7.719000000000000000e+03
7.737000000000000000e+03
7.721000000000000000e+03
7.309000000000000000e+03
7.722000000000000000e+03
7.739000000000000000e+03
7.723000000000000000e+03
7.742000000000000000e+03
7.758000000000000000e+03
7.750000000000000000e+03
7.810000000000000000e+03
7.808000000000000000e+03
7.816000000000000000e+03
7.816000000000000000e+03
7.828000000000000000e+03
7.837000000000000000e+03
7.830000000000000000e+03
7.842000000000000000e+03
7.847000000000000000e+03
7.877000000000000000e+03
7.869000000000000000e+03
7.907000000000000000e+03
7.870000000000000000e+03
7.910000000000000000e+03
7.872000000000000000e+03
7.914000000000000000e+03
7.877000000000000000e+03
7.920000000000000000e+03
7.878000000000000000e+03
7.921000000000000000e+03
7.882000000000000000e+03
7.922000000000000000e+03
7.883000000000000000e+03
8.109000000000000000e+03
7.884000000000000000e+03
7.924000000000000000e+03
7.885000000000000000e+03
7.923000000000000000e+03
7.886000000000000000e+03
7.621000000000000000e+03
7.887000000000000000e+03
7.620000000000000000e+03
7.888000000000000000e+03
7.619000000000000000e+03
7.889000000000000000e+03
7.927000000000000000e+03
7.892000000000000000e+03
7.928000000000000000e+03
7.893000000000000000e+03
7.634000000000000000e+03
7.894000000000000000e+03
7.930000000000000000e+03
7.895000000000000000e+03
7.642000000000000000e+03
7.896000000000000000e+03
7.935000000000000000e+03
7.899000000000000000e+03
7.652000000000000000e+03
7.910000000000000000e+03
7.953000000000000000e+03
7.912000000000000000e+03
7.956000000000000000e+03
7.915000000000000000e+03
8.126000000000000000e+03
7.919000000000000000e+03
7.968000000000000000e+03
7.922000000000000000e+03
7.972000000000000000e+03
7.924000000000000000e+03
7.973000000000000000e+03
7.925000000000000000e+03
8.255000000000000000e+03
7.927000000000000000e+03
7.975000000000000000e+03
7.928000000000000000e+03
7.976000000000000000e+03
7.929000000000000000e+03
7.978000000000000000e+03
7.935000000000000000e+03
7.998000000000000000e+03
7.936000000000000000e+03
7.721000000000000000e+03
7.937000000000000000e+03
8.002000000000000000e+03
7.938000000000000000e+03
8.003000000000000000e+03
7.940000000000000000e+03
7.727000000000000000e+03
7.941000000000000000e+03
8.004000000000000000e+03
7.942000000000000000e+03
8.008000000000000000e+03
7.943000000000000000e+03
7.734000000000000000e+03
7.944000000000000000e+03
8.010000000000000000e+03
7.945000000000000000e+03
7.731000000000000000e+03
7.949000000000000000e+03
8.013000000000000000e+03
7.952000000000000000e+03
7.743000000000000000e+03
8.033000000000000000e+03
8.079000000000000000e+03
8.037000000000000000e+03
8.081000000000000000e+03
8.038000000000000000e+03
8.080000000000000000e+03
8.041000000000000000e+03
7.885000000000000000e+03
8.057000000000000000e+03
8.104000000000000000e+03
8.061000000000000000e+03
8.112000000000000000e+03
8.062000000000000000e+03
7.934000000000000000e+03
8.063000000000000000e+03
8.114000000000000000e+03
8.064000000000000000e+03
8.115000000000000000e+03
8.065000000000000000e+03
8.116000000000000000e+03
8.071000000000000000e+03
8.118000000000000000e+03
8.072000000000000000e+03
8.120000000000000000e+03
8.073000000000000000e+03
8.119000000000000000e+03
8.075000000000000000e+03
8.121000000000000000e+03
8.079000000000000000e+03
8.128000000000000000e+03
8.084000000000000000e+03
8.140000000000000000e+03
8.088000000000000000e+03
8.146000000000000000e+03
8.091000000000000000e+03
8.148000000000000000e+03
8.098000000000000000e+03
7.991000000000000000e+03
8.099000000000000000e+03
7.992000000000000000e+03
8.100000000000000000e+03
7.995000000000000000e+03
8.102000000000000000e+03
8.156000000000000000e+03
8.103000000000000000e+03
8.000000000000000000e+03
8.104000000000000000e+03
8.001000000000000000e+03
8.105000000000000000e+03
8.153000000000000000e+03
8.106000000000000000e+03
8.154000000000000000e+03
8.107000000000000000e+03
8.155000000000000000e+03
8.108000000000000000e+03
8.158000000000000000e+03
8.109000000000000000e+03
8.160000000000000000e+03
8.110000000000000000e+03
8.006000000000000000e+03
8.113000000000000000e+03
8.170000000000000000e+03
8.114000000000000000e+03
8.167000000000000000e+03
8.115000000000000000e+03
8.166000000000000000e+03
8.116000000000000000e+03
8.270000000000000000e+03
8.117000000000000000e+03
8.174000000000000000e+03
8.118000000000000000e+03
8.015000000000000000e+03
8.150000000000000000e+03
8.201000000000000000e+03
8.153000000000000000e+03
8.291000000000000000e+03
8.167000000000000000e+03
8.220000000000000000e+03
8.181000000000000000e+03
8.323000000000000000e+03
8.183000000000000000e+03
8.324000000000000000e+03
8.193000000000000000e+03
8.249000000000000000e+03
8.195000000000000000e+03
8.333000000000000000e+03
8.198000000000000000e+03
8.251000000000000000e+03
8.200000000000000000e+03
8.257000000000000000e+03
8.204000000000000000e+03
8.151000000000000000e+03
8.212000000000000000e+03
8.266000000000000000e+03
8.223000000000000000e+03
8.281000000000000000e+03
8.226000000000000000e+03
8.285000000000000000e+03
8.231000000000000000e+03
8.287000000000000000e+03
8.234000000000000000e+03
8.292000000000000000e+03
8.249000000000000000e+03
8.315000000000000000e+03
8.250000000000000000e+03
8.313000000000000000e+03
8.252000000000000000e+03
8.318000000000000000e+03
8.253000000000000000e+03
8.320000000000000000e+03
8.255000000000000000e+03
8.325000000000000000e+03
8.260000000000000000e+03
8.331000000000000000e+03
8.263000000000000000e+03
8.335000000000000000e+03
8.264000000000000000e+03
8.334000000000000000e+03
8.265000000000000000e+03
8.337000000000000000e+03
8.266000000000000000e+03
8.339000000000000000e+03
8.267000000000000000e+03
8.340000000000000000e+03
8.268000000000000000e+03
8.341000000000000000e+03
8.269000000000000000e+03
8.250000000000000000e+03
8.270000000000000000e+03
8.387000000000000000e+03
8.271000000000000000e+03
8.343000000000000000e+03
8.278000000000000000e+03
8.347000000000000000e+03
8.279000000000000000e+03
8.348000000000000000e+03
8.280000000000000000e+03
8.269000000000000000e+03
8.305000000000000000e+03
8.377000000000000000e+03
8.306000000000000000e+03
8.378000000000000000e+03
8.310000000000000000e+03
8.381000000000000000e+03
8.315000000000000000e+03
8.388000000000000000e+03
8.316000000000000000e+03
8.389000000000000000e+03
8.323000000000000000e+03
8.392000000000000000e+03
8.341000000000000000e+03
8.410000000000000000e+03
8.346000000000000000e+03
8.412000000000000000e+03
8.349000000000000000e+03
8.416000000000000000e+03
8.350000000000000000e+03
8.417000000000000000e+03
8.351000000000000000e+03
8.439000000000000000e+03
8.366000000000000000e+03
8.426000000000000000e+03
8.369000000000000000e+03
8.434000000000000000e+03
8.370000000000000000e+03
8.437000000000000000e+03
8.371000000000000000e+03
8.440000000000000000e+03
8.380000000000000000e+03
8.448000000000000000e+03
8.382000000000000000e+03
8.449000000000000000e+03
8.383000000000000000e+03
8.450000000000000000e+03
8.385000000000000000e+03
8.451000000000000000e+03
8.386000000000000000e+03
8.452000000000000000e+03
8.391000000000000000e+03
8.455000000000000000e+03
8.392000000000000000e+03
8.456000000000000000e+03
8.406000000000000000e+03
8.457000000000000000e+03
8.408000000000000000e+03
8.461000000000000000e+03
8.412000000000000000e+03
8.468000000000000000e+03
8.413000000000000000e+03
8.469000000000000000e+03
8.419000000000000000e+03
8.476000000000000000e+03
